181.0
181.0
2806.0
2806.0
20128.0
20128.0
416001.33
1277212.77
1277212.77
35063.63
35063.63
25071.46
25071.46
132842.64
235238.66
235238.66
1096187.24
1096187.24
963532.14
963532.14
14949.84
14949.84
18627.02
18627.02
10539.37
10539.37
22877.0
22877.0
1.0E7
1.0E7
2930418.44
2930418.44
169941.73
169941.73
13707.11
13707.11
86070.17
86070.17
120074.73
120074.73
60726.57
60726.57
10119.47
10119.47
33332.86
33332.86
25975.86
25975.86
26768.5
26768.5
30521.02
30521.02
216422.0
216422.0
17320.91
17320.91
17246.0
17246.0
10565.0
10565.0
10224.0
10224.0
85354.69
85354.69
13704.0
13704.0
262434.54
262434.54
21729.0
21729.0
5460002.91
5460002.91
164.0
164.0
21571.0
21571.0
441445.58
441445.58
181728.11
222.0
222.0
1996.17
1996.17
1078013.76
89631.24
89631.24
29707.86
29707.86
43092.0
43092.0
556218.01
556218.01
11308.0
11308.0
350705.74
350705.74
2539898.07
2539898.07
361559.69
361559.69
1154353.99
1154353.99
21922.0
21922.0
994453.2
1055.0
1055.0
244068.01
244068.01
59835.0
59835.0
277970.88
93810.76
93810.76
503405.88
503405.88
2662734.59
2662734.59
9217.19
9217.19
2100.0
2100.0
1933920.8
313418.28
313418.28
12461.0
12461.0
19472.0
19472.0
3964129.99
3964129.99
1041647.06
1041647.06
2066467.64
2066467.64
149668.66
2007.0
2007.0
222048.71
8677.0
8677.0
408.0
408.0
48375.02
48375.02
4022667.54
4022667.54
454859.39
1161495.82
1161495.82
2686564.04
2686564.04
6188514.81
6188514.81
123194.95
2093951.47
2093951.47
143032.0
143032.0
2927005.15
2927005.15
1832319.42
1832319.42
1561891.66
1561891.66
65488.05
65488.05
696763.08
696763.08
119.0
119.0
128473.62
128473.62
248056.41
248056.41
164500.81
164500.81
212089.74
212089.74
95428.32
39713.28
170.0
170.0
747282.4
747282.4
59385.67
59385.67
2198224.71
2198224.71
828720.89
828720.89
2701905.3
2701905.3
31074.0
31074.0
121626.82
121626.82
1639676.27
1639676.27
305627.0
305627.0
195351.76
195351.76
42062.82
295664.18
295664.18
307739.18
307739.18
314251.58
1102133.9
1102133.9
1144089.37
1144089.37
1974352.3
1974352.3
11481.0
11481.0
508782.2
9131.0
9131.0
143660.11
143660.11
3477438.49
3477438.49
122101.57
161939.36
161939.36
1.0E7
1.0E7
1861008.32
1861008.32
16614.82
16614.82
448025.06
448025.06
785323.0
785323.0
158299.34
158299.34
23292.3
346704.55
346704.55
461509.86
461509.86
37100.29
37100.29
235512.2
235512.2
2068118.36
2068118.36
74804.24
74804.24
489767.32
489767.32
379878.0
379878.0
89571.46
1258956.71
1258956.71
77773.14
77773.14
239646.72
239646.72
146127.1
146127.1
291305.98
291305.98
986876.27
986876.27
6844.73
6844.73
8383.17
8383.17
781953.11
781953.11
217231.0
217231.0
44829.81
44829.81
296333.54
296333.54
18126.95
18126.95
249159.26
249159.26
1698263.69
1698263.69
802382.45
802382.45
37065.55
37065.55
369186.87
369186.87
78741.64
78741.64
1646181.09
1646181.09
331829.94
331829.94
1027152.36
1027152.36
494244.61
494244.61
329937.88
329937.88
496128.26
496128.26
1218165.88
1218165.88
3832058.34
3832058.34
491517.77
491517.77
340198.41
340198.41
268641.82
268641.82
122235.11
122235.11
236947.25
236947.25
19016.22
19016.22
109401.88
109401.88
335219.49
335219.49
120406.39
120406.39
21516.38
21516.38
378204.02
378204.02
5021186.54
5021186.54
587031.2
587031.2
81867.07
81867.07
2023920.09
2023920.09
404165.06
404165.06
1164448.96
1164448.96
401575.19
401575.19
604933.67
604933.67
3295227.84
3295227.84
214975.9
214975.9
1.0E7
1.0E7
9887819.06
9887819.06
1448630.38
1448630.38
6648389.9
6648389.9
51424.22
51424.22
428239.03
428239.03
52557.21
52557.21
1462355.44
1462355.44
27951.26
27951.26
989311.12
989311.12
865948.49
865948.49
30917.39
30917.39
40458.0
40458.0
1016540.35
1016540.35
71693.42
71693.42
472692.51
472692.51
122032.62
122032.62
3606943.31
3606943.31
112280.88
171788.82
171788.82
9465988.82
9465988.82
454511.73
454511.73
136983.26
136983.26
326884.31
326884.31
2352524.18
2352524.18
113338.99
113338.99
886592.76
886592.76
819503.92
819503.92
636.0
636.0
32382.96
32382.96
103056.0
103056.0
234377.29
1684039.12
1684039.12
1842.0
1842.0
180967.56
180967.56
93083.27
93083.27
5979556.06
5979556.06
128133.0
128133.0
503793.25
503793.25
112486.46
448004.86
448004.86
90204.54
90204.54
577418.98
21367.0
21367.0
2395.29
2395.29
7567170.36
7567170.36
3372.0
3372.0
407005.78
360688.3
360688.3
2070814.27
2070814.27
238717.5
238717.5
18887.0
18887.0
7937954.2
7937954.2
39013.3
39013.3
152042.16
152042.16
26950.06
26950.06
20314.97
20314.97
6188772.44
6188772.44
2757431.53
2757431.53
7887.75
7887.75
31930.24
31930.24
212613.29
212613.29
581889.94
581889.94
1783144.33
1783144.33
82806.2
82806.2
32690.68
32690.68
1270564.34
1270564.34
2885466.96
2885466.96
334276.08
334276.08
3569720.42
3569720.42
1566057.28
1566057.28
5032484.73
5032484.73
36359.57
36359.57
506867.52
506867.52
1917497.63
1917497.63
29988.0
29988.0
350789.59
350789.59
1395850.55
93459.89
93459.89
435166.65
435166.65
21987.0
21987.0
362152.77
362152.77
1649818.97
1649818.97
387952.42
387952.42
44571.94
44571.94
534255.94
534255.94
213983.59
213983.59
217255.97
217255.97
1069508.42
1069508.42
5188875.35
5188875.35
4919642.57
4919642.57
357836.57
357836.57
155761.29
155761.29
7335355.57
7335355.57
9977761.05
9977761.05
35016.23
35016.23
71372.0
71372.0
945131.85
945131.85
736370.54
736370.54
82971.91
82971.91
585010.21
585010.21
225850.53
225850.53
243028.65
243028.65
2249574.01
2249574.01
13172.17
13172.17
61487.67
61487.67
156011.24
156011.24
36532.84
36532.84
827921.27
827921.27
667043.9
667043.9
202978.65
1388951.5
1388951.5
1215297.01
1215297.01
337974.21
337974.21
147267.01
147267.01
561374.78
561374.78
5489302.04
5489302.04
1021129.67
1021129.67
114017.19
114017.19
112668.54
112668.54
967153.5
967153.5
592737.43
592737.43
202887.77
202887.77
339275.64
339275.64
115881.21
115881.21
1398946.33
1398946.33
1170282.92
1170282.92
567932.31
567932.31
361460.79
361460.79
7484125.12
7484125.12
1093155.19
1093155.19
128426.58
128426.58
969259.07
969259.07
1631640.02
1631640.02
99139.27
99139.27
6215.44
6215.44
3640271.29
3640271.29
931684.75
931684.75
1350574.58
1350574.58
438224.6
438224.6
760625.76
760625.76
309254.05
309254.05
283400.42
283400.42
109028.8
109028.8
854550.85
854550.85
167715.53
167715.53
1932200.59
1932200.59
829885.13
829885.13
42789.93
42789.93
136562.78
136562.78
82767.31
82767.31
2776135.33
2776135.33
4243468.19
4243468.19
530733.43
530733.43
325242.69
325242.69
157610.11
157610.11
354441.19
354441.19
1014816.16
1014816.16
246938.77
246938.77
561948.38
561948.38
106673.26
106673.26
6501303.14
6501303.14
3156421.43
3156421.43
1789155.73
1789155.73
456745.18
456745.18
7108914.22
7108914.22
109525.67
109525.67
378688.65
378688.65
394388.09
394388.09
3904257.51
3904257.51
3857176.83
3857176.83
21174.45
21174.45
192765.49
192765.49
1011606.26
1011606.26
2050727.81
2050727.81
9748.89
9748.89
44733.5
44733.5
1367340.03
1367340.03
1026208.84
1026208.84
40486.25
40486.25
89014.32
89014.32
45807.51
45807.51
742973.53
742973.53
581421.85
581421.85
475368.94
475368.94
1735466.52
1735466.52
37720.99
37720.99
1372301.24
1372301.24
332138.32
332138.32
55062.46
55062.46
1155128.91
1155128.91
401529.35
401529.35
722380.88
722380.88
724414.43
724414.43
407833.62
407833.62
148188.84
148188.84
1693962.01
1693962.01
14017.38
14017.38
197226.65
197226.65
31574.65
31574.65
37796.75
37796.75
17051.69
17051.69
960306.85
960306.85
3097121.75
3097121.75
436317.49
436317.49
104957.85
104957.85
841052.98
841052.98
1814483.97
1814483.97
701168.78
701168.78
446032.95
446032.95
385556.82
385556.82
3760068.04
3760068.04
1282971.57
1282971.57
881811.11
881811.11
174923.28
174923.28
403975.39
403975.39
126690.14
126690.14
215.83
215.83
548269.98
548269.98
150405.2
150405.2
813133.35
813133.35
2096634.43
2096634.43
272791.44
272791.44
7169129.94
7169129.94
107188.41
107188.41
3444943.59
3444943.59
126715.84
126715.84
4631432.03
4631432.03
2322909.69
2322909.69
79441.66
79441.66
1028326.5
1028326.5
42513.08
42513.08
106460.7
106460.7
915266.65
915266.65
5800988.12
5800988.12
1858515.57
1858515.57
3512572.72
3512572.72
374178.28
374178.28
2026529.56
2026529.56
13890.42
13890.42
281743.12
281743.12
157494.6
157494.6
19776.71
19776.71
271731.05
271731.05
7728992.56
7728992.56
175328.85
175328.85
353313.55
353313.55
582571.87
582571.87
2960254.17
2960254.17
5521483.54
5521483.54
2147778.33
2147778.33
967954.01
967954.01
266766.78
266766.78
1036789.41
1036789.41
167067.78
167067.78
322113.91
322113.91
91691.75
91691.75
1871553.73
1871553.73
2949339.09
2949339.09
479892.04
479892.04
304085.48
304085.48
14385.54
14385.54
62091.44
62091.44
386996.34
386996.34
345526.4
345526.4
2947783.87
2947783.87
730574.39
730574.39
3786438.03
3786438.03
622235.32
622235.32
3243092.91
3243092.91
1.0E7
1.0E7
8594065.09
8594065.09
12619.29
12619.29
193663.9
193663.9
684796.16
684796.16
400157.86
400157.86
4375931.29
4375931.29
74177.92
74177.92
59127.34
59127.34
2451423.58
2451423.58
59813.61
59813.61
158489.29
158489.29
85637.08
85637.08
1311150.9
1311150.9
4582074.51
4582074.51
455074.13
455074.13
3284197.88
3284197.88
810039.19
810039.19
959018.79
959018.79
755813.12
755813.12
460436.43
460436.43
9917.27
9917.27
2066446.27
2066446.27
819048.34
819048.34
9039246.82
9039246.82
239473.85
239473.85
5715004.3
5715004.3
2149976.69
2149976.69
1321091.25
1321091.25
113829.89
113829.89
178569.48
178569.48
1735647.47
1735647.47
2254934.36
2254934.36
353045.35
353045.35
1619331.51
1619331.51
61178.51
61178.51
664992.86
664992.86
432254.84
432254.84
42659.39
42659.39
173782.59
173782.59
62134.33
62134.33
972920.87
972920.87
244814.12
244814.12
82527.13
82527.13
78028.89
78028.89
2737766.8
2737766.8
1980800.05
1980800.05
221936.6
221936.6
5338583.38
5338583.38
1534985.07
1534985.07
45077.1
45077.1
1.0E7
1.0E7
987591.59
987591.59
1534926.96
1534926.96
594577.22
594577.22
24412.07
24412.07
286769.07
286769.07
365099.76
365099.76
2498370.12
2498370.12
8380.79
8380.79
2627070.5
2627070.5
39379.45
39379.45
296349.8
296349.8
152331.26
152331.26
1.0E7
1.0E7
4830219.15
4830219.15
351912.04
351912.04
64344.59
64344.59
4094.07
4094.07
167679.27
167679.27
678058.75
678058.75
1529614.71
1529614.71
1440705.58
1440705.58
8924971.59
8924971.59
305817.12
305817.12
1.0E7
1.0E7
8931607.89
8931607.89
21829.31
21829.31
6972164.97
6972164.97
17822.02
17822.02
88649.1
88649.1
372344.58
372344.58
72547.29
72547.29
114339.1
114339.1
1083860.21
1083860.21
115461.48
115461.48
9345700.07
9345700.07
337994.64
337994.64
4022408.76
4022408.76
3607917.73
3607917.73
766631.82
766631.82
43928.31
43928.31
268230.43
268230.43
1182557.97
1182557.97
113309.55
113309.55
703833.48
703833.48
134515.36
134515.36
266746.42
266746.42
7696836.35
7696836.35
39664.74
39664.74
249791.3
249791.3
921668.95
921668.95
737285.03
737285.03
28308.97
28308.97
482679.6
482679.6
1461930.03
1461930.03
271908.4
271908.4
101903.69
101903.69
21574.55
21574.55
19742.71
19742.71
38150.22
38150.22
886588.02
886588.02
4120.14
4120.14
3206623.39
3206623.39
315654.19
315654.19
175313.96
175313.96
3723738.06
3723738.06
269545.63
269545.63
2169679.91
2169679.91
1454592.61
1454592.61
460635.82
460635.82
2393539.65
2393539.65
445257.43
445257.43
363378.75
363378.75
655676.97
655676.97
56745.14
56745.14
33676.59
33676.59
87999.25
87999.25
53062.52
53062.52
8775594.43
8775594.43
3492056.91
3492056.91
1.0E7
1.0E7
8267760.5
8267760.5
707870.44
707870.44
5624.02
5624.02
253498.36
253498.36
31329.62
31329.62
4454632.3
4454632.3
8055.06
8055.06
63624.08
63624.08
1155819.58
1155819.58
427405.08
427405.08
2394623.8
2394623.8
1273674.05
1273674.05
1122508.34
1122508.34
4589441.44
4589441.44
286670.9
286670.9
1515291.19
1515291.19
130653.37
130653.37
54994.1
54994.1
28871.9
28871.9
1422963.14
1422963.14
2388251.16
2388251.16
2222544.0
2222544.0
253793.28
253793.28
127905.82
127905.82
891944.51
891944.51
146681.74
146681.74
46081.45
46081.45
1076739.91
1076739.91
548335.12
548335.12
656118.37
656118.37
872199.82
872199.82
22025.14
22025.14
710385.55
710385.55
137508.01
137508.01
639468.22
639468.22
1254092.1
1254092.1
1762680.47
1762680.47
142336.65
142336.65
306833.41
306833.41
86170.94
86170.94
803794.53
803794.53
125159.2
125159.2
655294.3
655294.3
1457085.28
1457085.28
539087.79
539087.79
1767112.66
1767112.66
40413.81
40413.81
2988103.3
2988103.3
35496.47
35496.47
188854.39
188854.39
216351.05
216351.05
511379.9
511379.9
1409248.64
1409248.64
1486955.35
1486955.35
71277.45
71277.45
8999.56
8999.56
2231.46
2231.46
186227.75
186227.75
110457.0
110457.0
219489.62
219489.62
2708906.59
2708906.59
1299860.86
1299860.86
418691.02
418691.02
570649.33
570649.33
37133.63
37133.63
204675.48
204675.48
36847.9
36847.9
99808.45
99808.45
566142.89
566142.89
7060216.94
7060216.94
177344.53
177344.53
126375.17
126375.17
3523089.46
3523089.46
252417.45
252417.45
20243.24
20243.24
94613.12
94613.12
904124.58
904124.58
93732.16
93732.16
535654.59
535654.59
743311.65
743311.65
2145934.81
2145934.81
3595911.39
3595911.39
98692.72
98692.72
1129884.18
1129884.18
574709.63
574709.63
501496.31
501496.31
42418.85
42418.85
314976.75
314976.75
37119.58
37119.58
1636403.22
1636403.22
2908264.69
2908264.69
966222.5
966222.5
120232.13
120232.13
1844357.26
1844357.26
1001167.03
1001167.03
116977.16
116977.16
530377.28
530377.28
2066848.27
2066848.27
2694857.26
2694857.26
1562871.32
1562871.32
1243269.91
1243269.91
522465.43
522465.43
12477.96
12477.96
85408.24
85408.24
251621.18
251621.18
149279.69
149279.69
16671.29
16671.29
1761021.33
1761021.33
466359.63
466359.63
4032691.34
4032691.34
50845.13
50845.13
1.0E7
1.0E7
1812161.42
1812161.42
167963.64
167963.64
897427.17
897427.17
3794763.63
3794763.63
2040209.74
2040209.74
1082718.08
1082718.08
